3831
5.2242278e+03
5.2242362e+03
5.2242445e+03
5.2242529e+03
5.2242612e+03
5.2242696e+03
5.2242779e+03
5.2242863e+03
5.2242946e+03
5.2243030e+03
5.2243113e+03
5.2243197e+03
5.2243280e+03
5.2243364e+03
5.2243448e+03
5.2243531e+03
5.2243615e+03
5.2243698e+03
5.2243782e+03
5.2243865e+03
5.2243949e+03
5.2244032e+03
5.2244116e+03
5.2244199e+03
5.2244283e+03
5.2244366e+03
5.2244450e+03
5.2244533e+03
5.2244617e+03
5.2244700e+03
5.2244784e+03
5.2244868e+03
5.2244951e+03
5.2245035e+03
5.2245118e+03
5.2245202e+03
5.2245285e+03
5.2245369e+03
5.2245453e+03
5.2245537e+03
5.2245620e+03
5.2245704e+03
5.2245787e+03
5.2245871e+03
5.2245954e+03
5.2246038e+03
5.2246122e+03
5.2246205e+03
5.2246289e+03
5.2246372e+03
5.2246456e+03
5.2246539e+03
5.2246623e+03
5.2246706e+03
5.2246790e+03
5.2246873e+03
5.2246957e+03
5.2247040e+03
5.2247124e+03
5.2247207e+03
5.2247291e+03
5.2247375e+03
5.2247458e+03
5.2247542e+03
5.2247625e+03
5.2247709e+03
5.2247792e+03
5.2247876e+03
5.2247959e+03
5.2248043e+03
5.2248127e+03
5.2248211e+03
5.2248294e+03
5.2248378e+03
5.2248461e+03
5.2248545e+03
5.2248628e+03
5.2248712e+03
5.2248796e+03
5.2248879e+03
5.2248963e+03
5.2249046e+03
5.2249130e+03
5.2249213e+03
5.2249297e+03
5.2249380e+03
5.2249464e+03
5.2249547e+03
5.2249631e+03
5.2249714e+03
5.2249798e+03
5.2249881e+03
5.2249965e+03
5.2250049e+03
5.2250132e+03
5.2250216e+03
5.2250300e+03
5.2250384e+03
5.2250467e+03
5.2250551e+03
5.2250634e+03
5.2250718e+03
5.2250801e+03
5.2250885e+03
5.2250968e+03
5.2251052e+03
5.2251135e+03
5.2251219e+03
5.2251303e+03
5.2251386e+03
5.2251470e+03
5.2251553e+03
5.2251637e+03
5.2251720e+03
5.2251804e+03
5.2251887e+03
5.2251971e+03
5.2252054e+03
5.2252139e+03
5.2252222e+03
5.2252306e+03
5.2252389e+03
5.2252473e+03
5.2252556e+03
5.2252640e+03
5.2252724e+03
5.2252807e+03
5.2252891e+03
5.2252974e+03
5.2253058e+03
5.2253141e+03
5.2253225e+03
5.2253308e+03
5.2253392e+03
5.2253475e+03
5.2253559e+03
5.2253642e+03
5.2253726e+03
5.2253811e+03
5.2253894e+03
5.2253978e+03
5.2254061e+03
5.2254145e+03
5.2254228e+03
5.2254312e+03
5.2254395e+03
5.2254479e+03
5.2254562e+03
5.2254646e+03
5.2254729e+03
5.2254813e+03
5.2254896e+03
5.2254980e+03
5.2255063e+03
5.2255147e+03
5.2255231e+03
5.2255315e+03
5.2255399e+03
5.2255482e+03
5.2255566e+03
5.2255649e+03
5.2255733e+03
5.2255816e+03
5.2255900e+03
5.2255983e+03
5.2256067e+03
5.2256150e+03
5.2256234e+03
5.2256317e+03
5.2256401e+03
5.2256484e+03
5.2256568e+03
5.2256653e+03
5.2256736e+03
5.2256820e+03
5.2256903e+03
5.2256987e+03
5.2257070e+03
5.2257154e+03
5.2257237e+03
5.2257321e+03
5.2257404e+03
5.2257488e+03
5.2257571e+03
5.2257655e+03
5.2257738e+03
5.2257822e+03
5.2257907e+03
5.2257990e+03
5.2258074e+03
5.2258157e+03
5.2258241e+03
5.2258324e+03
5.2258408e+03
5.2258491e+03
5.2258575e+03
5.2258658e+03
5.2258742e+03
5.2258825e+03
5.2258909e+03
5.2258992e+03
5.2259077e+03
5.2259161e+03
5.2259244e+03
5.2259328e+03
5.2259411e+03
5.2259495e+03
5.2259578e+03
5.2259662e+03
5.2259745e+03
5.2259829e+03
5.2259912e+03
5.2259996e+03
5.2260079e+03
5.2260163e+03
5.2260247e+03
5.2260331e+03
5.2260414e+03
5.2260498e+03
5.2260582e+03
5.2260665e+03
5.2260749e+03
5.2260832e+03
5.2260916e+03
5.2260999e+03
5.2261083e+03
5.2261166e+03
5.2261250e+03
5.2261334e+03
5.2261418e+03
5.2261501e+03
5.2261585e+03
5.2261668e+03
5.2261752e+03
5.2261836e+03
5.2261919e+03
5.2262003e+03
5.2262086e+03
5.2262170e+03
5.2262253e+03
5.2262337e+03
5.2262421e+03
5.2262505e+03
5.2262588e+03
5.2262672e+03
5.2262755e+03
5.2262839e+03
5.2262922e+03
5.2263006e+03
5.2263090e+03
5.2263173e+03
5.2263257e+03
5.2263340e+03
5.2263425e+03
5.2263508e+03
5.2263592e+03
5.2263675e+03
5.2263759e+03
5.2263842e+03
5.2263926e+03
5.2264009e+03
5.2264093e+03
5.2264176e+03
5.2264260e+03
5.2264344e+03
5.2264428e+03
5.2264512e+03
5.2264595e+03
5.2264679e+03
5.2264762e+03
5.2264846e+03
5.2264929e+03
5.2265013e+03
5.2265096e+03
5.2265180e+03
5.2265264e+03
5.2265348e+03
5.2265431e+03
5.2265515e+03
5.2265598e+03
5.2265682e+03
5.2265766e+03
5.2265849e+03
5.2265933e+03
5.2266016e+03
5.2266100e+03
5.2266184e+03
5.2266268e+03
5.2266351e+03
5.2266435e+03
5.2266518e+03
5.2266602e+03
5.2266685e+03
5.2266769e+03
5.2266852e+03
5.2266936e+03
5.2267020e+03
5.2267104e+03
5.2267188e+03
5.2267271e+03
5.2267355e+03
5.2267438e+03
5.2267522e+03
5.2267605e+03
5.2267689e+03
5.2267772e+03
5.2267856e+03
5.2267940e+03
5.2268024e+03
5.2268107e+03
5.2268191e+03
5.2268274e+03
5.2268358e+03
5.2268442e+03
5.2268525e+03
5.2268609e+03
5.2268692e+03
5.2268776e+03
5.2268860e+03
5.2268944e+03
5.2269027e+03
5.2269111e+03
5.2269194e+03
5.2269278e+03
5.2269361e+03
5.2269445e+03
5.2269529e+03
5.2269613e+03
5.2269697e+03
5.2269780e+03
5.2269864e+03
5.2269947e+03
5.2270031e+03
5.2270114e+03
5.2270198e+03
5.2270281e+03
5.2270366e+03
5.2270449e+03
5.2270533e+03
5.2270616e+03
5.2270700e+03
5.2270783e+03
5.2270867e+03
5.2270951e+03
5.2271034e+03
5.2271118e+03
5.2271202e+03
5.2271286e+03
5.2271369e+03
5.2271453e+03
5.2271536e+03
5.2271620e+03
5.2271703e+03
5.2271787e+03
5.2271871e+03
5.2271955e+03
5.2272038e+03
5.2272122e+03
5.2272205e+03
5.2272289e+03
5.2272373e+03
5.2272456e+03
5.2272540e+03
5.2272624e+03
5.2272708e+03
5.2272791e+03
5.2272875e+03
5.2272958e+03
5.2273042e+03
5.2273125e+03
5.2273209e+03
5.2273293e+03
5.2273377e+03
5.2273460e+03
5.2273544e+03
5.2273628e+03
5.2273711e+03
5.2273795e+03
5.2273878e+03
5.2273962e+03
5.2274046e+03
5.2274130e+03
5.2274213e+03
5.2274297e+03
5.2274380e+03
5.2274464e+03
5.2274547e+03
5.2274631e+03
5.2274715e+03
5.2274799e+03
5.2274882e+03
5.2274966e+03
5.2275050e+03
5.2275133e+03
5.2275217e+03
5.2275300e+03
5.2275384e+03
5.2275468e+03
5.2275552e+03
5.2275635e+03
5.2275719e+03
5.2275802e+03
5.2275886e+03
5.2275969e+03
5.2276053e+03
5.2276137e+03
5.2276221e+03
5.2276305e+03
5.2276388e+03
5.2276472e+03
5.2276555e+03
5.2276639e+03
5.2276722e+03
5.2276807e+03
5.2276890e+03
5.2276974e+03
5.2277057e+03
5.2277141e+03
5.2277224e+03
5.2277308e+03
5.2277392e+03
5.2277476e+03
5.2277560e+03
5.2277643e+03
5.2277727e+03
5.2277810e+03
5.2277894e+03
5.2277977e+03
5.2278061e+03
5.2278145e+03
5.2278229e+03
5.2278312e+03
5.2278396e+03
5.2278479e+03
5.2278563e+03
5.2278647e+03
5.2278731e+03
5.2278814e+03
5.2278898e+03
5.2278982e+03
5.2279065e+03
5.2279149e+03
5.2279232e+03
5.2279316e+03
5.2279400e+03
5.2279484e+03
5.2279567e+03
5.2279651e+03
5.2279734e+03
5.2279818e+03
5.2279902e+03
5.2279986e+03
5.2280069e+03
5.2280153e+03
5.2280237e+03
5.2280320e+03
5.2280404e+03
5.2280487e+03
5.2280572e+03
5.2280655e+03
5.2280739e+03
5.2280822e+03
5.2280906e+03
5.2280989e+03
5.2281073e+03
5.2281157e+03
5.2281241e+03
5.2281324e+03
5.2281408e+03
5.2281492e+03
5.2281575e+03
5.2281659e+03
5.2281743e+03
5.2281827e+03
5.2281910e+03
5.2281994e+03
5.2282077e+03
5.2282161e+03
5.2282244e+03
5.2282329e+03
5.2282412e+03
5.2282496e+03
5.2282579e+03
5.2282663e+03
5.2282747e+03
5.2282831e+03
5.2282915e+03
5.2282998e+03
5.2283082e+03
5.2283165e+03
5.2283249e+03
5.2283332e+03
5.2283416e+03
5.2283500e+03
5.2283584e+03
5.2283667e+03
5.2283751e+03
5.2283834e+03
5.2283918e+03
5.2284002e+03
5.2284086e+03
5.2284170e+03
5.2284253e+03
5.2284337e+03
5.2284420e+03
5.2284504e+03
5.2284588e+03
5.2284672e+03
5.2284755e+03
5.2284839e+03
5.2284922e+03
5.2285006e+03
5.2285090e+03
5.2285174e+03
5.2285257e+03
5.2285341e+03
5.2285425e+03
5.2285508e+03
5.2285592e+03
5.2285676e+03
5.2285760e+03
5.2285843e+03
5.2285927e+03
5.2286010e+03
5.2286094e+03
5.2286178e+03
5.2286262e+03
5.2286345e+03
5.2286429e+03
5.2286512e+03
5.2286596e+03
5.2286680e+03
5.2286764e+03
5.2286848e+03
5.2286931e+03
5.2287015e+03
5.2287098e+03
5.2287182e+03
5.2287266e+03
5.2287350e+03
5.2287433e+03
5.2287517e+03
5.2287600e+03
5.2287684e+03
5.2287769e+03
5.2287852e+03
5.2287936e+03
5.2288019e+03
5.2288103e+03
5.2288186e+03
5.2288271e+03
5.2288354e+03
5.2288438e+03
5.2288521e+03
5.2288605e+03
5.2288688e+03
5.2288773e+03
5.2288856e+03
5.2288940e+03
5.2289023e+03
5.2289107e+03
5.2289191e+03
5.2289275e+03
5.2289359e+03
5.2289442e+03
5.2289526e+03
5.2289609e+03
5.2289693e+03
5.2289777e+03
5.2289861e+03
5.2289944e+03
5.2290028e+03
5.2290111e+03
5.2290195e+03
5.2290279e+03
5.2290363e+03
5.2290446e+03
5.2290530e+03
5.2290614e+03
5.2290697e+03
5.2290782e+03
5.2290865e+03
5.2290949e+03
5.2291032e+03
5.2291116e+03
5.2291199e+03
5.2291284e+03
5.2291367e+03
5.2291451e+03
5.2291534e+03
5.2291618e+03
5.2291702e+03
5.2291786e+03
5.2291870e+03
5.2291953e+03
5.2292037e+03
5.2292120e+03
5.2292205e+03
5.2292288e+03
5.2292372e+03
5.2292455e+03
5.2292539e+03
5.2292622e+03
5.2292707e+03
5.2292790e+03
5.2292874e+03
5.2292957e+03
5.2293041e+03
5.2293125e+03
5.2293209e+03
5.2293293e+03
5.2293376e+03
5.2293460e+03
5.2293543e+03
5.2293628e+03
5.2293711e+03
5.2293795e+03
5.2293878e+03
5.2293962e+03
5.2294046e+03
5.2294130e+03
5.2294213e+03
5.2294297e+03
5.2294380e+03
5.2294464e+03
5.2294549e+03
5.2294632e+03
5.2294716e+03
5.2294799e+03
5.2294883e+03
5.2294967e+03
5.2295051e+03
5.2295134e+03
5.2295218e+03
5.2295301e+03
5.2295385e+03
5.2295469e+03
5.2295553e+03
5.2295636e+03
5.2295720e+03
5.2295804e+03
5.2295888e+03
5.2295972e+03
5.2296055e+03
5.2296139e+03
5.2296222e+03
5.2296307e+03
5.2296390e+03
5.2296474e+03
5.2296557e+03
5.2296641e+03
5.2296725e+03
5.2296809e+03
5.2296892e+03
5.2296976e+03
5.2297059e+03
5.2297143e+03
5.2297228e+03
5.2297311e+03
5.2297395e+03
5.2297478e+03
5.2297562e+03
5.2297646e+03
5.2297730e+03
5.2297813e+03
5.2297897e+03
5.2297981e+03
5.2298065e+03
5.2298148e+03
5.2298232e+03
5.2298315e+03
5.2298399e+03
5.2298483e+03
5.2298567e+03
5.2298651e+03
5.2298734e+03
5.2298818e+03
5.2298902e+03
5.2298986e+03
5.2299069e+03
5.2299153e+03
5.2299236e+03
5.2299321e+03
5.2299404e+03
5.2299488e+03
5.2299571e+03
5.2299655e+03
5.2299740e+03
5.2299823e+03
5.2299907e+03
5.2299990e+03
5.2300074e+03
5.2300158e+03
5.2300242e+03
5.2300325e+03
5.2300409e+03
5.2300492e+03
5.2300577e+03
5.2300660e+03
5.2300744e+03
5.2300827e+03
5.2300911e+03
5.2300996e+03
5.2301079e+03
5.2301163e+03
5.2301246e+03
5.2301330e+03
5.2301414e+03
5.2301498e+03
5.2301581e+03
5.2301665e+03
5.2301749e+03
5.2301833e+03
5.2301916e+03
5.2302000e+03
5.2302083e+03
5.2302167e+03
5.2302252e+03
5.2302335e+03
5.2302419e+03
5.2302502e+03
5.2302586e+03
5.2302670e+03
5.2302754e+03
5.2302837e+03
5.2302921e+03
5.2303005e+03
5.2303089e+03
5.2303172e+03
5.2303256e+03
5.2303340e+03
5.2303424e+03
5.2303507e+03
5.2303591e+03
5.2303675e+03
5.2303759e+03
5.2303843e+03
5.2303926e+03
5.2304010e+03
5.2304093e+03
5.2304178e+03
5.2304261e+03
5.2304345e+03
5.2304428e+03
5.2304512e+03
5.2304596e+03
5.2304680e+03
5.2304763e+03
5.2304847e+03
5.2304931e+03
5.2305015e+03
5.2305099e+03
5.2305182e+03
5.2305266e+03
5.2305350e+03
5.2305434e+03
5.2305517e+03
5.2305601e+03
5.2305685e+03
5.2305769e+03
5.2305852e+03
5.2305936e+03
5.2306020e+03
5.2306104e+03
5.2306187e+03
5.2306271e+03
5.2306355e+03
5.2306439e+03
5.2306523e+03
5.2306606e+03
5.2306690e+03
5.2306773e+03
5.2306858e+03
5.2306941e+03
5.2307025e+03
5.2307108e+03
5.2307192e+03
5.2307276e+03
5.2307360e+03
5.2307443e+03
5.2307528e+03
5.2307612e+03
5.2307695e+03
5.2307779e+03
5.2307862e+03
5.2307947e+03
5.2308030e+03
5.2308114e+03
5.2308197e+03
5.2308281e+03
5.2308365e+03
5.2308449e+03
5.2308532e+03
5.2308616e+03
5.2308701e+03
5.2308784e+03
5.2308867e+03
5.2308951e+03
5.2309035e+03
5.2309119e+03
5.2309203e+03
5.2309286e+03
5.2309371e+03
5.2309454e+03
5.2309538e+03
5.2309621e+03
5.2309705e+03
5.2309789e+03
5.2309873e+03
5.2309956e+03
5.2310040e+03
5.2310125e+03
5.2310208e+03
5.2310292e+03
5.2310375e+03
5.2310459e+03
5.2310543e+03
5.2310627e+03
5.2310710e+03
5.2310794e+03
5.2310878e+03
5.2310962e+03
5.2311045e+03
5.2311129e+03
5.2311213e+03
5.2311297e+03
5.2311380e+03
5.2311464e+03
5.2311549e+03
5.2311632e+03
5.2311716e+03
5.2311799e+03
5.2311884e+03
5.2311967e+03
5.2312051e+03
5.2312134e+03
5.2312218e+03
5.2312302e+03
5.2312386e+03
5.2312469e+03
5.2312554e+03
5.2312637e+03
5.2312721e+03
5.2312805e+03
5.2312889e+03
5.2312973e+03
5.2313056e+03
5.2313140e+03
5.2313223e+03
5.2313308e+03
5.2313391e+03
5.2313475e+03
5.2313559e+03
5.2313643e+03
5.2313726e+03
5.2313810e+03
5.2313894e+03
5.2313978e+03
5.2314061e+03
5.2314145e+03
5.2314229e+03
5.2314313e+03
5.2314397e+03
5.2314480e+03
5.2314564e+03
5.2314648e+03
5.2314732e+03
5.2314815e+03
5.2314899e+03
5.2314983e+03
5.2315067e+03
5.2315150e+03
5.2315234e+03
5.2315318e+03
5.2315402e+03
5.2315486e+03
5.2315569e+03
5.2315654e+03
5.2315737e+03
5.2315821e+03
5.2315904e+03
5.2315989e+03
5.2316072e+03
5.2316156e+03
5.2316240e+03
5.2316324e+03
5.2316407e+03
5.2316491e+03
5.2316575e+03
5.2316659e+03
5.2316742e+03
5.2316826e+03
5.2316910e+03
5.2316994e+03
5.2317078e+03
5.2317161e+03
5.2317245e+03
5.2317329e+03
5.2317413e+03
5.2317496e+03
5.2317581e+03
5.2317664e+03
5.2317748e+03
5.2317832e+03
5.2317916e+03
5.2317999e+03
5.2318083e+03
5.2318167e+03
5.2318251e+03
5.2318335e+03
5.2318418e+03
5.2318502e+03
5.2318586e+03
5.2318670e+03
5.2318753e+03
5.2318837e+03
5.2318921e+03
5.2319005e+03
5.2319088e+03
5.2319172e+03
5.2319257e+03
5.2319340e+03
5.2319424e+03
5.2319508e+03
5.2319592e+03
5.2319675e+03
5.2319759e+03
5.2319843e+03
5.2319927e+03
5.2320010e+03
5.2320094e+03
5.2320178e+03
5.2320262e+03
5.2320345e+03
5.2320429e+03
5.2320514e+03
5.2320597e+03
5.2320681e+03
5.2320765e+03
5.2320849e+03
5.2320932e+03
5.2321016e+03
5.2321100e+03
5.2321184e+03
5.2321267e+03
5.2321351e+03
5.2321435e+03
5.2321519e+03
5.2321602e+03
5.2321687e+03
5.2321770e+03
5.2321854e+03
5.2321938e+03
5.2322022e+03
5.2322106e+03
5.2322189e+03
5.2322273e+03
5.2322357e+03
5.2322441e+03
5.2322524e+03
5.2322609e+03
5.2322692e+03
5.2322776e+03
5.2322859e+03
5.2322944e+03
5.2323027e+03
5.2323111e+03
5.2323195e+03
5.2323279e+03
5.2323362e+03
5.2323446e+03
5.2323531e+03
5.2323614e+03
5.2323698e+03
5.2323781e+03
5.2323866e+03
5.2323949e+03
5.2324033e+03
5.2324117e+03
5.2324201e+03
5.2324284e+03
5.2324368e+03
5.2324452e+03
5.2324536e+03
5.2324619e+03
5.2324703e+03
5.2324788e+03
5.2324871e+03
5.2324955e+03
5.2325039e+03
5.2325123e+03
5.2325206e+03
5.2325290e+03
5.2325374e+03
5.2325458e+03
5.2325542e+03
5.2325626e+03
5.2325709e+03
5.2325793e+03
5.2325877e+03
5.2325961e+03
5.2326044e+03
5.2326128e+03
5.2326213e+03
5.2326296e+03
5.2326380e+03
5.2326463e+03
5.2326548e+03
5.2326631e+03
5.2326715e+03
5.2326799e+03
5.2326883e+03
5.2326966e+03
5.2327050e+03
5.2327135e+03
5.2327218e+03
5.2327302e+03
5.2327386e+03
5.2327470e+03
5.2327553e+03
5.2327637e+03
5.2327721e+03
5.2327805e+03
5.2327888e+03
5.2327973e+03
5.2328056e+03
5.2328140e+03
5.2328224e+03
5.2328308e+03
5.2328391e+03
5.2328475e+03
5.2328560e+03
5.2328643e+03
5.2328727e+03
5.2328811e+03
5.2328895e+03
5.2328978e+03
5.2329062e+03
5.2329146e+03
5.2329230e+03
5.2329313e+03
5.2329398e+03
5.2329481e+03
5.2329565e+03
5.2329649e+03
5.2329733e+03
5.2329816e+03
5.2329900e+03
5.2329985e+03
5.2330068e+03
5.2330152e+03
5.2330236e+03
5.2330320e+03
5.2330403e+03
5.2330487e+03
5.2330571e+03
5.2330655e+03
5.2330738e+03
5.2330823e+03
5.2330906e+03
5.2330990e+03
5.2331074e+03
5.2331158e+03
5.2331242e+03
5.2331326e+03
5.2331410e+03
5.2331493e+03
5.2331577e+03
5.2331661e+03
5.2331745e+03
5.2331828e+03
5.2331912e+03
5.2331996e+03
5.2332080e+03
5.2332164e+03
5.2332248e+03
5.2332331e+03
5.2332415e+03
5.2332500e+03
5.2332583e+03
5.2332667e+03
5.2332751e+03
5.2332835e+03
5.2332918e+03
5.2333003e+03
5.2333086e+03
5.2333170e+03
5.2333254e+03
5.2333338e+03
5.2333421e+03
5.2333505e+03
5.2333590e+03
5.2333673e+03
5.2333757e+03
5.2333841e+03
5.2333924e+03
5.2334008e+03
5.2334093e+03
5.2334176e+03
5.2334260e+03
5.2334344e+03
5.2334428e+03
5.2334511e+03
5.2334596e+03
5.2334679e+03
5.2334763e+03
5.2334847e+03
5.2334931e+03
5.2335014e+03
5.2335098e+03
5.2335183e+03
5.2335266e+03
5.2335350e+03
5.2335434e+03
5.2335518e+03
5.2335601e+03
5.2335685e+03
5.2335769e+03
5.2335853e+03
5.2335937e+03
5.2336021e+03
5.2336104e+03
5.2336188e+03
5.2336273e+03
5.2336356e+03
5.2336440e+03
5.2336524e+03
5.2336607e+03
5.2336691e+03
5.2336776e+03
5.2336859e+03
5.2336943e+03
5.2337027e+03
5.2337111e+03
5.2337194e+03
5.2337279e+03
5.2337362e+03
5.2337446e+03
5.2337530e+03
5.2337614e+03
5.2337697e+03
5.2337782e+03
5.2337866e+03
5.2337949e+03
5.2338033e+03
5.2338117e+03
5.2338201e+03
5.2338285e+03
5.2338369e+03
5.2338452e+03
5.2338536e+03
5.2338620e+03
5.2338704e+03
5.2338788e+03
5.2338872e+03
5.2338955e+03
5.2339039e+03
5.2339123e+03
5.2339207e+03
5.2339291e+03
5.2339375e+03
5.2339459e+03
5.2339543e+03
5.2339627e+03
5.2339710e+03
5.2339794e+03
5.2339878e+03
5.2339962e+03
5.2340046e+03
5.2340130e+03
5.2340213e+03
5.2340297e+03
5.2340382e+03
5.2340465e+03
5.2340549e+03
5.2340633e+03
5.2340717e+03
5.2340800e+03
5.2340885e+03
5.2340968e+03
5.2341052e+03
5.2341136e+03
5.2341220e+03
5.2341303e+03
5.2341388e+03
5.2341471e+03
5.2341555e+03
5.2341640e+03
5.2341723e+03
5.2341807e+03
5.2341891e+03
5.2341975e+03
5.2342058e+03
5.2342143e+03
5.2342226e+03
5.2342310e+03
5.2342394e+03
5.2342478e+03
5.2342562e+03
5.2342646e+03
5.2342729e+03
5.2342814e+03
5.2342898e+03
5.2342981e+03
5.2343065e+03
5.2343149e+03
5.2343233e+03
5.2343317e+03
5.2343401e+03
5.2343484e+03
5.2343568e+03
5.2343652e+03
5.2343736e+03
5.2343820e+03
5.2343904e+03
5.2343987e+03
5.2344072e+03
5.2344155e+03
5.2344239e+03
5.2344323e+03
5.2344407e+03
5.2344491e+03
5.2344575e+03
5.2344659e+03
5.2344742e+03
5.2344827e+03
5.2344910e+03
5.2344994e+03
5.2345078e+03
5.2345162e+03
5.2345246e+03
5.2345330e+03
5.2345413e+03
5.2345497e+03
5.2345581e+03
5.2345665e+03
5.2345749e+03
5.2345833e+03
5.2345917e+03
5.2346001e+03
5.2346085e+03
5.2346168e+03
5.2346252e+03
5.2346336e+03
5.2346420e+03
5.2346504e+03
5.2346588e+03
5.2346672e+03
5.2346756e+03
5.2346839e+03
5.2346923e+03
5.2347007e+03
5.2347091e+03
5.2347175e+03
5.2347259e+03
5.2347343e+03
5.2347427e+03
5.2347511e+03
5.2347594e+03
5.2347679e+03
5.2347762e+03
5.2347846e+03
5.2347930e+03
5.2348014e+03
5.2348098e+03
5.2348182e+03
5.2348266e+03
5.2348350e+03
5.2348434e+03
5.2348517e+03
5.2348601e+03
5.2348685e+03
5.2348769e+03
5.2348853e+03
5.2348937e+03
5.2349020e+03
5.2349105e+03
5.2349188e+03
5.2349272e+03
5.2349356e+03
5.2349440e+03
5.2349524e+03
5.2349608e+03
5.2349691e+03
5.2349776e+03
5.2349860e+03
5.2349943e+03
5.2350028e+03
5.2350111e+03
5.2350195e+03
5.2350279e+03
5.2350363e+03
5.2350447e+03
5.2350531e+03
5.2350614e+03
5.2350698e+03
5.2350783e+03
5.2350866e+03
5.2350951e+03
5.2351034e+03
5.2351118e+03
5.2351202e+03
5.2351286e+03
5.2351369e+03
5.2351454e+03
5.2351537e+03
5.2351621e+03
5.2351705e+03
5.2351789e+03
5.2351874e+03
5.2351957e+03
5.2352041e+03
5.2352125e+03
5.2352209e+03
5.2352293e+03
5.2352377e+03
5.2352460e+03
5.2352544e+03
5.2352628e+03
5.2352712e+03
5.2352796e+03
5.2352880e+03
5.2352964e+03
5.2353048e+03
5.2353131e+03
5.2353216e+03
5.2353299e+03
5.2353383e+03
5.2353467e+03
5.2353551e+03
5.2353635e+03
5.2353719e+03
5.2353803e+03
5.2353887e+03
5.2353971e+03
5.2354054e+03
5.2354139e+03
5.2354222e+03
5.2354307e+03
5.2354390e+03
5.2354474e+03
5.2354558e+03
5.2354642e+03
5.2354726e+03
5.2354810e+03
5.2354893e+03
5.2354977e+03
5.2355062e+03
5.2355145e+03
5.2355229e+03
5.2355313e+03
5.2355397e+03
5.2355481e+03
5.2355565e+03
5.2355649e+03
5.2355733e+03
5.2355817e+03
5.2355901e+03
5.2355984e+03
5.2356068e+03
5.2356152e+03
5.2356236e+03
5.2356320e+03
5.2356404e+03
5.2356488e+03
5.2356572e+03
5.2356656e+03
5.2356740e+03
5.2356824e+03
5.2356907e+03
5.2356992e+03
5.2357075e+03
5.2357159e+03
5.2357244e+03
5.2357327e+03
5.2357411e+03
5.2357495e+03
5.2357579e+03
5.2357663e+03
5.2357747e+03
5.2357831e+03
5.2357915e+03
5.2357998e+03
5.2358082e+03
5.2358166e+03
5.2358250e+03
5.2358334e+03
5.2358418e+03
5.2358502e+03
5.2358586e+03
5.2358670e+03
5.2358754e+03
5.2358838e+03
5.2358922e+03
5.2359006e+03
5.2359089e+03
5.2359174e+03
5.2359257e+03
5.2359342e+03
5.2359425e+03
5.2359509e+03
5.2359593e+03
5.2359677e+03
5.2359761e+03
5.2359845e+03
5.2359929e+03
5.2360013e+03
5.2360096e+03
5.2360180e+03
5.2360264e+03
5.2360348e+03
5.2360432e+03
5.2360516e+03
5.2360600e+03
5.2360684e+03
5.2360768e+03
5.2360852e+03
5.2360936e+03
5.2361020e+03
5.2361104e+03
5.2361187e+03
5.2361271e+03
5.2361356e+03
5.2361439e+03
5.2361524e+03
5.2361607e+03
5.2361691e+03
5.2361775e+03
5.2361859e+03
5.2361943e+03
5.2362027e+03
5.2362111e+03
5.2362195e+03
5.2362278e+03
5.2362363e+03
5.2362446e+03
5.2362531e+03
5.2362615e+03
5.2362698e+03
5.2362783e+03
5.2362866e+03
5.2362951e+03
5.2363034e+03
5.2363118e+03
5.2363202e+03
5.2363286e+03
5.2363370e+03
5.2363454e+03
5.2363538e+03
5.2363622e+03
5.2363705e+03
5.2363790e+03
5.2363873e+03
5.2363958e+03
5.2364042e+03
5.2364125e+03
5.2364210e+03
5.2364293e+03
5.2364377e+03
5.2364461e+03
5.2364545e+03
5.2364629e+03
5.2364713e+03
5.2364797e+03
5.2364881e+03
5.2364965e+03
5.2365049e+03
5.2365132e+03
5.2365217e+03
5.2365301e+03
5.2365384e+03
5.2365469e+03
5.2365552e+03
5.2365637e+03
5.2365720e+03
5.2365804e+03
5.2365888e+03
5.2365972e+03
5.2366056e+03
5.2366140e+03
5.2366224e+03
5.2366308e+03
5.2366392e+03
5.2366476e+03
5.2366559e+03
5.2366644e+03
5.2366728e+03
5.2366811e+03
5.2366896e+03
5.2366979e+03
5.2367064e+03
5.2367147e+03
5.2367231e+03
5.2367315e+03
5.2367399e+03
5.2367483e+03
5.2367567e+03
5.2367651e+03
5.2367735e+03
5.2367819e+03
5.2367903e+03
5.2367987e+03
5.2368071e+03
5.2368155e+03
5.2368239e+03
5.2368323e+03
5.2368407e+03
5.2368491e+03
5.2368574e+03
5.2368658e+03
5.2368742e+03
5.2368826e+03
5.2368910e+03
5.2368994e+03
5.2369078e+03
5.2369162e+03
5.2369246e+03
5.2369330e+03
5.2369414e+03
5.2369498e+03
5.2369582e+03
5.2369666e+03
5.2369750e+03
5.2369834e+03
5.2369918e+03
5.2370002e+03
5.2370086e+03
5.2370169e+03
5.2370254e+03
5.2370337e+03
5.2370421e+03
5.2370506e+03
5.2370589e+03
5.2370674e+03
5.2370757e+03
5.2370841e+03
5.2370925e+03
5.2371009e+03
5.2371093e+03
5.2371177e+03
5.2371261e+03
5.2371345e+03
5.2371429e+03
5.2371513e+03
5.2371597e+03
5.2371681e+03
5.2371765e+03
5.2371849e+03
5.2371933e+03
5.2372017e+03
5.2372101e+03
5.2372185e+03
5.2372269e+03
5.2372352e+03
5.2372437e+03
5.2372520e+03
5.2372605e+03
5.2372688e+03
5.2372772e+03
5.2372857e+03
5.2372941e+03
5.2373024e+03
5.2373109e+03
5.2373193e+03
5.2373276e+03
5.2373361e+03
5.2373444e+03
5.2373529e+03
5.2373612e+03
5.2373696e+03
5.2373780e+03
5.2373864e+03
5.2373948e+03
5.2374032e+03
5.2374116e+03
5.2374200e+03
5.2374284e+03
5.2374368e+03
5.2374452e+03
5.2374536e+03
5.2374620e+03
5.2374704e+03
5.2374788e+03
5.2374872e+03
5.2374956e+03
5.2375040e+03
5.2375124e+03
5.2375207e+03
5.2375292e+03
5.2375376e+03
5.2375460e+03
5.2375544e+03
5.2375628e+03
5.2375711e+03
5.2375796e+03
5.2375880e+03
5.2375963e+03
5.2376048e+03
5.2376131e+03
5.2376216e+03
5.2376299e+03
5.2376383e+03
5.2376467e+03
5.2376551e+03
5.2376635e+03
5.2376719e+03
5.2376803e+03
5.2376887e+03
5.2376971e+03
5.2377055e+03
5.2377139e+03
5.2377223e+03
5.2377307e+03
5.2377391e+03
5.2377475e+03
5.2377559e+03
5.2377643e+03
5.2377727e+03
5.2377811e+03
5.2377895e+03
5.2377979e+03
5.2378063e+03
5.2378147e+03
5.2378231e+03
5.2378315e+03
5.2378399e+03
5.2378483e+03
5.2378567e+03
5.2378651e+03
5.2378735e+03
5.2378819e+03
5.2378903e+03
5.2378987e+03
5.2379071e+03
5.2379155e+03
5.2379239e+03
5.2379323e+03
5.2379407e+03
5.2379491e+03
5.2379575e+03
5.2379659e+03
5.2379743e+03
5.2379827e+03
5.2379911e+03
5.2379995e+03
5.2380078e+03
5.2380163e+03
5.2380247e+03
5.2380331e+03
5.2380415e+03
5.2380499e+03
5.2380583e+03
5.2380667e+03
5.2380750e+03
5.2380835e+03
5.2380918e+03
5.2381002e+03
5.2381087e+03
5.2381171e+03
5.2381255e+03
5.2381339e+03
5.2381423e+03
5.2381506e+03
5.2381591e+03
5.2381674e+03
5.2381759e+03
5.2381842e+03
5.2381926e+03
5.2382011e+03
5.2382095e+03
5.2382178e+03
5.2382263e+03
5.2382346e+03
5.2382430e+03
5.2382515e+03
5.2382598e+03
5.2382682e+03
5.2382767e+03
5.2382851e+03
5.2382934e+03
5.2383019e+03
5.2383102e+03
5.2383187e+03
5.2383270e+03
5.2383354e+03
5.2383439e+03
5.2383523e+03
5.2383606e+03
5.2383691e+03
5.2383775e+03
5.2383858e+03
5.2383943e+03
5.2384026e+03
5.2384110e+03
5.2384195e+03
5.2384279e+03
5.2384362e+03
5.2384447e+03
5.2384530e+03
5.2384614e+03
5.2384699e+03
5.2384783e+03
5.2384867e+03
5.2384951e+03
5.2385035e+03
5.2385119e+03
5.2385203e+03
5.2385286e+03
5.2385371e+03
5.2385455e+03
5.2385539e+03
5.2385623e+03
5.2385707e+03
5.2385790e+03
5.2385875e+03
5.2385959e+03
5.2386043e+03
5.2386127e+03
5.2386211e+03
5.2386295e+03
5.2386379e+03
5.2386463e+03
5.2386547e+03
5.2386631e+03
5.2386715e+03
5.2386799e+03
5.2386883e+03
5.2386967e+03
5.2387051e+03
5.2387135e+03
5.2387219e+03
5.2387303e+03
5.2387387e+03
5.2387471e+03
5.2387555e+03
5.2387639e+03
5.2387723e+03
5.2387807e+03
5.2387891e+03
5.2387975e+03
5.2388059e+03
5.2388143e+03
5.2388227e+03
5.2388311e+03
5.2388395e+03
5.2388479e+03
5.2388563e+03
5.2388647e+03
5.2388731e+03
5.2388815e+03
5.2388899e+03
5.2388983e+03
5.2389067e+03
5.2389151e+03
5.2389235e+03
5.2389319e+03
5.2389404e+03
5.2389488e+03
5.2389571e+03
5.2389656e+03
5.2389739e+03
5.2389823e+03
5.2389908e+03
5.2389992e+03
5.2390075e+03
5.2390160e+03
5.2390244e+03
5.2390327e+03
5.2390412e+03
5.2390496e+03
5.2390580e+03
5.2390663e+03
5.2390748e+03
5.2390832e+03
5.2390916e+03
5.2391000e+03
5.2391084e+03
5.2391168e+03
5.2391252e+03
5.2391336e+03
5.2391420e+03
5.2391504e+03
5.2391588e+03
5.2391672e+03
5.2391756e+03
5.2391840e+03
5.2391924e+03
5.2392008e+03
5.2392092e+03
5.2392176e+03
5.2392260e+03
5.2392344e+03
5.2392428e+03
5.2392512e+03
5.2392596e+03
5.2392680e+03
5.2392764e+03
5.2392848e+03
5.2392932e+03
5.2393017e+03
5.2393101e+03
5.2393184e+03
5.2393268e+03
5.2393353e+03
5.2393437e+03
5.2393520e+03
5.2393605e+03
5.2393689e+03
5.2393773e+03
5.2393857e+03
5.2393941e+03
5.2394025e+03
5.2394109e+03
5.2394193e+03
5.2394277e+03
5.2394361e+03
5.2394445e+03
5.2394529e+03
5.2394613e+03
5.2394697e+03
5.2394781e+03
5.2394865e+03
5.2394949e+03
5.2395033e+03
5.2395117e+03
5.2395202e+03
5.2395285e+03
5.2395369e+03
5.2395454e+03
5.2395538e+03
5.2395622e+03
5.2395705e+03
5.2395790e+03
5.2395874e+03
5.2395958e+03
5.2396042e+03
5.2396126e+03
5.2396210e+03
5.2396294e+03
5.2396378e+03
5.2396462e+03
5.2396546e+03
5.2396630e+03
5.2396714e+03
5.2396798e+03
5.2396882e+03
5.2396966e+03
5.2397050e+03
5.2397135e+03
5.2397219e+03
5.2397302e+03
5.2397386e+03
5.2397471e+03
5.2397555e+03
5.2397639e+03
5.2397723e+03
5.2397807e+03
5.2397891e+03
5.2397975e+03
5.2398059e+03
5.2398143e+03
5.2398227e+03
5.2398311e+03
5.2398395e+03
5.2398479e+03
5.2398563e+03
5.2398647e+03
5.2398731e+03
5.2398815e+03
5.2398899e+03
5.2398983e+03
5.2399068e+03
5.2399152e+03
5.2399235e+03
5.2399319e+03
5.2399404e+03
5.2399488e+03
5.2399572e+03
5.2399656e+03
5.2399740e+03
5.2399824e+03
5.2399908e+03
5.2399992e+03
5.2400076e+03
5.2400160e+03
5.2400244e+03
5.2400328e+03
5.2400412e+03
5.2400496e+03
5.2400581e+03
5.2400664e+03
5.2400748e+03
5.2400833e+03
5.2400917e+03
5.2401001e+03
5.2401085e+03
5.2401169e+03
5.2401253e+03
5.2401337e+03
5.2401421e+03
5.2401505e+03
5.2401589e+03
5.2401673e+03
5.2401757e+03
5.2401841e+03
5.2401925e+03
5.2402010e+03
5.2402094e+03
5.2402177e+03
5.2402262e+03
5.2402346e+03
5.2402430e+03
5.2402514e+03
5.2402598e+03
5.2402682e+03
5.2402766e+03
5.2402850e+03
5.2402934e+03
5.2403018e+03
5.2403103e+03
5.2403186e+03
5.2403270e+03
5.2403354e+03
5.2403439e+03
5.2403523e+03
5.2403606e+03
5.2403691e+03
5.2403775e+03
5.2403859e+03
5.2403943e+03
5.2404027e+03
5.2404111e+03
5.2404195e+03
5.2404279e+03
5.2404363e+03
5.2404447e+03
5.2404531e+03
5.2404616e+03
5.2404700e+03
5.2404784e+03
5.2404867e+03
5.2404952e+03
5.2405036e+03
5.2405120e+03
5.2405204e+03
5.2405288e+03
5.2405372e+03
5.2405456e+03
5.2405540e+03
5.2405624e+03
5.2405708e+03
5.2405792e+03
5.2405877e+03
5.2405961e+03
5.2406045e+03
5.2406129e+03
5.2406213e+03
5.2406297e+03
5.2406381e+03
5.2406465e+03
5.2406549e+03
5.2406633e+03
5.2406717e+03
5.2406801e+03
5.2406885e+03
5.2406970e+03
5.2407053e+03
5.2407138e+03
5.2407222e+03
5.2407306e+03
5.2407390e+03
5.2407474e+03
5.2407558e+03
5.2407642e+03
5.2407726e+03
5.2407810e+03
5.2407894e+03
5.2407978e+03
5.2408063e+03
5.2408147e+03
5.2408231e+03
5.2408315e+03
5.2408399e+03
5.2408483e+03
5.2408567e+03
5.2408651e+03
5.2408735e+03
5.2408819e+03
5.2408903e+03
5.2408988e+03
5.2409072e+03
5.2409155e+03
5.2409240e+03
5.2409324e+03
5.2409408e+03
5.2409492e+03
5.2409576e+03
5.2409660e+03
5.2409744e+03
5.2409828e+03
5.2409913e+03
5.2409996e+03
5.2410080e+03
5.2410165e+03
5.2410249e+03
5.2410333e+03
5.2410417e+03
5.2410501e+03
5.2410585e+03
5.2410669e+03
5.2410753e+03
5.2410838e+03
5.2410921e+03
5.2411005e+03
5.2411090e+03
5.2411174e+03
5.2411258e+03
5.2411342e+03
5.2411426e+03
5.2411510e+03
5.2411594e+03
5.2411678e+03
5.2411762e+03
5.2411847e+03
5.2411931e+03
5.2412014e+03
5.2412098e+03
5.2412183e+03
5.2412267e+03
5.2412351e+03
5.2412435e+03
5.2412519e+03
5.2412603e+03
5.2412687e+03
5.2412772e+03
5.2412856e+03
5.2412940e+03
5.2413024e+03
5.2413108e+03
5.2413192e+03
5.2413276e+03
5.2413360e+03
5.2413444e+03
5.2413529e+03
5.2413612e+03
5.2413696e+03
5.2413781e+03
5.2413865e+03
5.2413949e+03
5.2414033e+03
5.2414117e+03
5.2414201e+03
5.2414285e+03
5.2414369e+03
5.2414453e+03
5.2414538e+03
5.2414622e+03
5.2414705e+03
5.2414790e+03
5.2414874e+03
5.2414958e+03
5.2415042e+03
5.2415126e+03
5.2415210e+03
5.2415294e+03
5.2415378e+03
5.2415463e+03
5.2415547e+03
5.2415631e+03
5.2415715e+03
5.2415799e+03
5.2415883e+03
5.2415967e+03
5.2416051e+03
5.2416135e+03
5.2416219e+03
5.2416304e+03
5.2416388e+03
5.2416472e+03
5.2416556e+03
5.2416640e+03
5.2416724e+03
5.2416808e+03
5.2416893e+03
5.2416977e+03
5.2417061e+03
5.2417145e+03
5.2417229e+03
5.2417313e+03
5.2417397e+03
5.2417481e+03
5.2417565e+03
5.2417650e+03
5.2417733e+03
5.2417817e+03
5.2417902e+03
5.2417986e+03
5.2418070e+03
5.2418154e+03
5.2418238e+03
5.2418323e+03
5.2418407e+03
5.2418490e+03
5.2418574e+03
5.2418659e+03
5.2418743e+03
5.2418827e+03
5.2418911e+03
5.2418995e+03
5.2419080e+03
5.2419163e+03
5.2419247e+03
5.2419332e+03
5.2419416e+03
5.2419500e+03
5.2419584e+03
5.2419668e+03
5.2419752e+03
5.2419837e+03
5.2419920e+03
5.2420004e+03
5.2420089e+03
5.2420173e+03
5.2420257e+03
5.2420341e+03
5.2420425e+03
5.2420510e+03
5.2420593e+03
5.2420677e+03
5.2420762e+03
5.2420846e+03
5.2420930e+03
5.2421014e+03
5.2421098e+03
5.2421182e+03
5.2421266e+03
5.2421351e+03
5.2421435e+03
5.2421519e+03
5.2421603e+03
5.2421687e+03
5.2421771e+03
5.2421855e+03
5.2421940e+03
5.2422024e+03
5.2422108e+03
5.2422192e+03
5.2422276e+03
5.2422360e+03
5.2422444e+03
5.2422528e+03
5.2422612e+03
5.2422696e+03
5.2422781e+03
5.2422865e+03
5.2422949e+03
5.2423033e+03
5.2423117e+03
5.2423201e+03
5.2423285e+03
5.2423370e+03
5.2423454e+03
5.2423538e+03
5.2423622e+03
5.2423706e+03
5.2423790e+03
5.2423875e+03
5.2423959e+03
5.2424043e+03
5.2424127e+03
5.2424211e+03
5.2424295e+03
5.2424379e+03
5.2424463e+03
5.2424547e+03
5.2424632e+03
5.2424716e+03
5.2424800e+03
5.2424884e+03
5.2424968e+03
5.2425053e+03
5.2425136e+03
5.2425220e+03
5.2425305e+03
5.2425388e+03
5.2425473e+03
5.2425557e+03
5.2425641e+03
5.2425725e+03
5.2425809e+03
5.2425894e+03
5.2425978e+03
5.2426062e+03
5.2426146e+03
5.2426230e+03
5.2426314e+03
5.2426398e+03
5.2426482e+03
5.2426567e+03
5.2426651e+03
5.2426735e+03
5.2426819e+03
5.2426903e+03
5.2426988e+03
5.2427072e+03
5.2427156e+03
5.2427240e+03
5.2427324e+03
5.2427408e+03
5.2427492e+03
5.2427576e+03
5.2427660e+03
5.2427744e+03
5.2427829e+03
5.2427913e+03
5.2427997e+03
5.2428081e+03
5.2428165e+03
5.2428250e+03
5.2428334e+03
5.2428418e+03
5.2428502e+03
5.2428586e+03
5.2428670e+03
5.2428755e+03
5.2428839e+03
5.2428923e+03
5.2429007e+03
5.2429091e+03
5.2429175e+03
5.2429259e+03
5.2429343e+03
5.2429428e+03
5.2429512e+03
5.2429596e+03
5.2429680e+03
5.2429764e+03
5.2429848e+03
5.2429932e+03
5.2430017e+03
5.2430101e+03
5.2430185e+03
5.2430269e+03
5.2430354e+03
5.2430437e+03
5.2430522e+03
5.2430606e+03
5.2430690e+03
5.2430774e+03
5.2430858e+03
5.2430942e+03
5.2431026e+03
5.2431111e+03
5.2431195e+03
5.2431279e+03
5.2431363e+03
5.2431447e+03
5.2431531e+03
5.2431616e+03
5.2431700e+03
5.2431784e+03
5.2431868e+03
5.2431952e+03
5.2432036e+03
5.2432121e+03
5.2432205e+03
5.2432289e+03
5.2432373e+03
5.2432457e+03
5.2432542e+03
5.2432626e+03
5.2432710e+03
5.2432794e+03
5.2432878e+03
5.2432962e+03
5.2433046e+03
5.2433130e+03
5.2433214e+03
5.2433298e+03
5.2433383e+03
5.2433467e+03
5.2433551e+03
5.2433635e+03
5.2433719e+03
5.2433804e+03
5.2433888e+03
5.2433972e+03
5.2434056e+03
5.2434140e+03
5.2434224e+03
5.2434309e+03
5.2434393e+03
5.2434477e+03
5.2434561e+03
5.2434645e+03
5.2434729e+03
5.2434814e+03
5.2434898e+03
5.2434982e+03
5.2435066e+03
5.2435150e+03
5.2435235e+03
5.2435319e+03
5.2435403e+03
5.2435487e+03
5.2435571e+03
5.2435655e+03
5.2435740e+03
5.2435824e+03
5.2435908e+03
5.2435992e+03
5.2436076e+03
5.2436161e+03
5.2436245e+03
5.2436329e+03
5.2436413e+03
5.2436497e+03
5.2436581e+03
5.2436666e+03
5.2436750e+03
5.2436834e+03
5.2436918e+03
5.2437002e+03
5.2437086e+03
5.2437171e+03
5.2437255e+03
5.2437339e+03
5.2437423e+03
5.2437507e+03
5.2437592e+03
5.2437676e+03
5.2437760e+03
5.2437844e+03
5.2437928e+03
5.2438012e+03
5.2438097e+03
5.2438181e+03
5.2438265e+03
5.2438349e+03
5.2438433e+03
5.2438517e+03
5.2438602e+03
5.2438686e+03
5.2438770e+03
5.2438854e+03
5.2438938e+03
5.2439023e+03
5.2439107e+03
5.2439191e+03
5.2439275e+03
5.2439359e+03
5.2439443e+03
5.2439528e+03
5.2439611e+03
5.2439696e+03
5.2439780e+03
5.2439864e+03
5.2439948e+03
5.2440032e+03
5.2440117e+03
5.2440201e+03
5.2440285e+03
5.2440369e+03
5.2440453e+03
5.2440537e+03
5.2440622e+03
5.2440706e+03
5.2440790e+03
5.2440874e+03
5.2440958e+03
5.2441042e+03
5.2441127e+03
5.2441211e+03
5.2441295e+03
5.2441379e+03
5.2441463e+03
5.2441548e+03
5.2441632e+03
5.2441716e+03
5.2441801e+03
5.2441885e+03
5.2441969e+03
5.2442053e+03
5.2442137e+03
5.2442222e+03
5.2442306e+03
5.2442390e+03
5.2442474e+03
5.2442558e+03
5.2442642e+03
5.2442727e+03
5.2442811e+03
5.2442895e+03
5.2442979e+03
5.2443063e+03
5.2443148e+03
5.2443232e+03
5.2443316e+03
5.2443400e+03
5.2443484e+03
5.2443568e+03
5.2443653e+03
5.2443737e+03
5.2443821e+03
5.2443905e+03
5.2443989e+03
5.2444073e+03
5.2444158e+03
5.2444242e+03
5.2444326e+03
5.2444411e+03
5.2444495e+03
5.2444579e+03
5.2444663e+03
5.2444747e+03
5.2444831e+03
5.2444916e+03
5.2445000e+03
5.2445084e+03
5.2445168e+03
5.2445252e+03
5.2445337e+03
5.2445421e+03
5.2445505e+03
5.2445589e+03
5.2445673e+03
5.2445757e+03
5.2445842e+03
5.2445926e+03
5.2446010e+03
5.2446094e+03
5.2446179e+03
5.2446263e+03
5.2446347e+03
5.2446431e+03
5.2446515e+03
5.2446600e+03
5.2446684e+03
5.2446768e+03
5.2446852e+03
5.2446936e+03
5.2447020e+03
5.2447105e+03
5.2447189e+03
5.2447273e+03
5.2447358e+03
5.2447442e+03
5.2447526e+03
5.2447610e+03
5.2447694e+03
5.2447779e+03
5.2447863e+03
5.2447947e+03
5.2448031e+03
5.2448115e+03
5.2448200e+03
5.2448283e+03
5.2448368e+03
5.2448452e+03
5.2448537e+03
5.2448621e+03
5.2448705e+03
5.2448789e+03
5.2448873e+03
5.2448957e+03
5.2449042e+03
5.2449126e+03
5.2449210e+03
5.2449294e+03
5.2449378e+03
5.2449463e+03
5.2449547e+03
5.2449631e+03
5.2449716e+03
5.2449800e+03
5.2449884e+03
5.2449968e+03
5.2450052e+03
5.2450136e+03
5.2450220e+03
5.2450305e+03
5.2450389e+03
5.2450473e+03
5.2450557e+03
5.2450641e+03
5.2450726e+03
5.2450810e+03
5.2450895e+03
5.2450979e+03
5.2451063e+03
5.2451147e+03
5.2451231e+03
5.2451315e+03
5.2451400e+03
5.2451484e+03
5.2451568e+03
5.2451653e+03
5.2451737e+03
5.2451821e+03
5.2451905e+03
5.2451989e+03
5.2452073e+03
5.2452158e+03
5.2452242e+03
5.2452326e+03
5.2452410e+03
5.2452494e+03
5.2452579e+03
5.2452663e+03
5.2452747e+03
5.2452832e+03
5.2452916e+03
5.2453000e+03
5.2453084e+03
5.2453168e+03
5.2453253e+03
5.2453336e+03
5.2453421e+03
5.2453505e+03
5.2453590e+03
5.2453674e+03
5.2453758e+03
5.2453842e+03
5.2453926e+03
5.2454010e+03
5.2454095e+03
5.2454179e+03
5.2454264e+03
5.2454348e+03
5.2454432e+03
5.2454516e+03
5.2454600e+03
5.2454684e+03
5.2454768e+03
5.2454853e+03
5.2454937e+03
5.2455022e+03
5.2455106e+03
5.2455190e+03
5.2455274e+03
5.2455358e+03
5.2455442e+03
5.2455527e+03
5.2455611e+03
5.2455695e+03
5.2455780e+03
5.2455864e+03
5.2455948e+03
5.2456032e+03
5.2456116e+03
5.2456200e+03
5.2456285e+03
5.2456369e+03
5.2456453e+03
5.2456538e+03
5.2456622e+03
5.2456706e+03
5.2456790e+03
5.2456875e+03
5.2456958e+03
5.2457043e+03
5.2457127e+03
5.2457212e+03
5.2457296e+03
5.2457380e+03
5.2457464e+03
5.2457548e+03
5.2457632e+03
5.2457717e+03
5.2457801e+03
5.2457886e+03
5.2457970e+03
5.2458054e+03
5.2458138e+03
5.2458222e+03
5.2458306e+03
5.2458391e+03
5.2458475e+03
5.2458559e+03
5.2458644e+03
5.2458728e+03
5.2458812e+03
5.2458896e+03
5.2458981e+03
5.2459065e+03
5.2459149e+03
5.2459233e+03
5.2459317e+03
5.2459402e+03
5.2459486e+03
5.2459570e+03
5.2459655e+03
5.2459739e+03
5.2459823e+03
5.2459907e+03
5.2459991e+03
5.2460076e+03
5.2460160e+03
5.2460244e+03
5.2460328e+03
5.2460413e+03
5.2460497e+03
5.2460581e+03
5.2460665e+03
5.2460750e+03
5.2460834e+03
5.2460918e+03
5.2461003e+03
5.2461087e+03
5.2461171e+03
5.2461255e+03
5.2461340e+03
5.2461424e+03
5.2461508e+03
5.2461592e+03
5.2461676e+03
5.2461760e+03
5.2461845e+03
5.2461929e+03
5.2462014e+03
5.2462098e+03
5.2462182e+03
5.2462266e+03
5.2462351e+03
5.2462435e+03
5.2462519e+03
5.2462603e+03
5.2462687e+03
5.2462772e+03
5.2462856e+03
5.2462940e+03
5.2463025e+03
5.2463109e+03
5.2463193e+03
5.2463277e+03
5.2463362e+03
5.2463446e+03
5.2463530e+03
5.2463614e+03
5.2463699e+03
5.2463783e+03
5.2463867e+03
5.2463952e+03
5.2464036e+03
5.2464120e+03
5.2464204e+03
5.2464288e+03
5.2464372e+03
5.2464457e+03
5.2464541e+03
5.2464625e+03
5.2464710e+03
5.2464794e+03
5.2464878e+03
5.2464963e+03
5.2465047e+03
5.2465131e+03
5.2465215e+03
5.2465299e+03
5.2465384e+03
5.2465468e+03
5.2465552e+03
5.2465637e+03
5.2465721e+03
5.2465805e+03
5.2465890e+03
5.2465974e+03
5.2466058e+03
5.2466142e+03
5.2466226e+03
5.2466311e+03
5.2466395e+03
5.2466479e+03
5.2466564e+03
5.2466647e+03
5.2466732e+03
5.2466816e+03
5.2466901e+03
5.2466985e+03
5.2467069e+03
5.2467153e+03
5.2467238e+03
5.2467322e+03
5.2467406e+03
5.2467491e+03
5.2467574e+03
5.2467659e+03
5.2467743e+03
5.2467828e+03
5.2467912e+03
5.2467996e+03
5.2468081e+03
5.2468165e+03
5.2468249e+03
5.2468333e+03
5.2468418e+03
5.2468502e+03
5.2468586e+03
5.2468670e+03
5.2468755e+03
5.2468839e+03
5.2468923e+03
5.2469008e+03
5.2469092e+03
5.2469176e+03
5.2469261e+03
5.2469345e+03
5.2469429e+03
5.2469513e+03
5.2469597e+03
5.2469682e+03
5.2469766e+03
5.2469850e+03
5.2469934e+03
5.2470019e+03
5.2470103e+03
5.2470187e+03
5.2470272e+03
5.2470356e+03
5.2470440e+03
5.2470525e+03
5.2470609e+03
5.2470693e+03
5.2470777e+03
5.2470861e+03
5.2470946e+03
5.2471030e+03
5.2471114e+03
5.2471198e+03
5.2471283e+03
5.2471367e+03
5.2471452e+03
5.2471536e+03
5.2471620e+03
5.2471704e+03
5.2471789e+03
5.2471873e+03
5.2471957e+03
5.2472042e+03
5.2472126e+03
5.2472210e+03
5.2472294e+03
5.2472379e+03
5.2472463e+03
5.2472547e+03
5.2472632e+03
5.2472716e+03
5.2472800e+03
5.2472885e+03
5.2472969e+03
5.2473053e+03
5.2473137e+03
5.2473222e+03
5.2473306e+03
5.2473390e+03
5.2473475e+03
5.2473559e+03
5.2473643e+03
5.2473727e+03
5.2473812e+03
5.2473896e+03
5.2473980e+03
5.2474064e+03
5.2474149e+03
5.2474233e+03
5.2474318e+03
5.2474402e+03
5.2474486e+03
5.2474570e+03
5.2474655e+03
5.2474739e+03
5.2474823e+03
5.2474907e+03
5.2474992e+03
5.2475076e+03
5.2475160e+03
5.2475245e+03
5.2475329e+03
5.2475413e+03
5.2475497e+03
5.2475582e+03
5.2475666e+03
5.2475751e+03
5.2475835e+03
5.2475919e+03
5.2476003e+03
5.2476088e+03
5.2476172e+03
5.2476256e+03
5.2476340e+03
5.2476425e+03
5.2476509e+03
5.2476593e+03
5.2476678e+03
5.2476762e+03
5.2476846e+03
5.2476930e+03
5.2477015e+03
5.2477099e+03
5.2477184e+03
5.2477267e+03
5.2477352e+03
5.2477436e+03
5.2477521e+03
5.2477605e+03
5.2477689e+03
5.2477774e+03
5.2477858e+03
5.2477942e+03
5.2478027e+03
5.2478111e+03
5.2478195e+03
5.2478279e+03
5.2478364e+03
5.2478448e+03
5.2478532e+03
5.2478616e+03
5.2478701e+03
5.2478785e+03
5.2478869e+03
5.2478954e+03
5.2479038e+03
5.2479122e+03
5.2479207e+03
5.2479291e+03
5.2479376e+03
5.2479460e+03
5.2479544e+03
5.2479628e+03
5.2479713e+03
5.2479797e+03
5.2479882e+03
5.2479966e+03
5.2480050e+03
5.2480134e+03
5.2480219e+03
5.2480303e+03
5.2480387e+03
5.2480471e+03
5.2480556e+03
5.2480640e+03
5.2480724e+03
5.2480809e+03
5.2480893e+03
5.2480977e+03
5.2481062e+03
5.2481146e+03
5.2481230e+03
5.2481314e+03
5.2481399e+03
5.2481483e+03
5.2481567e+03
5.2481652e+03
5.2481736e+03
5.2481821e+03
5.2481905e+03
5.2481989e+03
5.2482074e+03
5.2482158e+03
5.2482242e+03
5.2482327e+03
5.2482411e+03
5.2482495e+03
5.2482580e+03
5.2482664e+03
5.2482748e+03
5.2482832e+03
5.2482917e+03
5.2483001e+03
5.2483085e+03
5.2483169e+03
5.2483254e+03
5.2483338e+03
5.2483423e+03
5.2483507e+03
5.2483591e+03
5.2483675e+03
5.2483760e+03
5.2483844e+03
5.2483928e+03
5.2484013e+03
5.2484097e+03
5.2484181e+03
5.2484266e+03
5.2484350e+03
5.2484435e+03
5.2484519e+03
5.2484603e+03
5.2484687e+03
5.2484772e+03
5.2484856e+03
5.2484941e+03
5.2485024e+03
5.2485109e+03
5.2485193e+03
5.2485278e+03
5.2485362e+03
5.2485447e+03
5.2485531e+03
5.2485615e+03
5.2485700e+03
5.2485784e+03
5.2485868e+03
5.2485952e+03
5.2486037e+03
5.2486121e+03
5.2486206e+03
5.2486290e+03
5.2486374e+03
5.2486458e+03
5.2486543e+03
5.2486627e+03
5.2486712e+03
5.2486796e+03
5.2486880e+03
5.2486964e+03
5.2487049e+03
5.2487133e+03
5.2487217e+03
5.2487301e+03
5.2487386e+03
5.2487470e+03
5.2487555e+03
5.2487639e+03
5.2487724e+03
5.2487808e+03
5.2487892e+03
5.2487976e+03
5.2488061e+03
5.2488145e+03
5.2488229e+03
5.2488314e+03
5.2488398e+03
5.2488482e+03
5.2488567e+03
5.2488651e+03
5.2488735e+03
5.2488820e+03
5.2488904e+03
5.2488988e+03
5.2489073e+03
5.2489157e+03
5.2489241e+03
5.2489326e+03
5.2489410e+03
5.2489494e+03
5.2489579e+03
5.2489663e+03
5.2489747e+03
5.2489832e+03
5.2489916e+03
5.2490001e+03
5.2490085e+03
5.2490169e+03
5.2490253e+03
5.2490338e+03
5.2490422e+03
5.2490507e+03
5.2490591e+03
5.2490675e+03
5.2490759e+03
5.2490844e+03
5.2490928e+03
5.2491012e+03
5.2491097e+03
5.2491181e+03
5.2491266e+03
5.2491350e+03
5.2491435e+03
5.2491518e+03
5.2491603e+03
5.2491687e+03
5.2491772e+03
5.2491856e+03
5.2491940e+03
5.2492025e+03
5.2492109e+03
5.2492194e+03
5.2492278e+03
5.2492362e+03
5.2492446e+03
5.2492531e+03
5.2492615e+03
5.2492700e+03
5.2492784e+03
5.2492869e+03
5.2492952e+03
5.2493037e+03
5.2493121e+03
5.2493206e+03
5.2493290e+03
5.2493374e+03
5.2493459e+03
5.2493543e+03
5.2493628e+03
5.2493712e+03
5.2493796e+03
5.2493880e+03
5.2493965e+03
5.2494049e+03
5.2494134e+03
5.2494218e+03
5.2494302e+03
5.2494387e+03
5.2494471e+03
5.2494555e+03
5.2494640e+03
5.2494724e+03
5.2494808e+03
5.2494893e+03
5.2494977e+03
5.2495062e+03
5.2495146e+03
5.2495230e+03
5.2495315e+03
5.2495399e+03
5.2495484e+03
5.2495568e+03
5.2495652e+03
5.2495736e+03
5.2495821e+03
5.2495905e+03
5.2495990e+03
5.2496074e+03
5.2496158e+03
5.2496243e+03
5.2496327e+03
5.2496412e+03
5.2496496e+03
5.2496580e+03
5.2496664e+03
5.2496749e+03
5.2496833e+03
5.2496918e+03
5.2497002e+03
5.2497086e+03
5.2497171e+03
5.2497255e+03
5.2497340e+03
5.2497424e+03
5.2497508e+03
5.2497593e+03
5.2497677e+03
5.2497762e+03
5.2497846e+03
5.2497930e+03
5.2498014e+03
5.2498099e+03
5.2498183e+03
5.2498268e+03
5.2498352e+03
5.2498436e+03
5.2498521e+03
5.2498605e+03
5.2498690e+03
5.2498774e+03
5.2498858e+03
5.2498942e+03
5.2499027e+03
5.2499111e+03
5.2499196e+03
5.2499280e+03
5.2499364e+03
5.2499449e+03
5.2499533e+03
5.2499617e+03
5.2499702e+03
5.2499786e+03
5.2499870e+03
5.2499955e+03
5.2500039e+03
5.2500124e+03
5.2500208e+03
5.2500292e+03
5.2500377e+03
5.2500461e+03
5.2500546e+03
5.2500630e+03
5.2500714e+03
5.2500799e+03
5.2500883e+03
5.2500968e+03
5.2501052e+03
5.2501137e+03
5.2501221e+03
5.2501305e+03
5.2501390e+03
5.2501474e+03
5.2501559e+03
5.2501642e+03
5.2501727e+03
5.2501811e+03
5.2501896e+03
5.2501980e+03
5.2502064e+03
5.2502149e+03
5.2502233e+03
5.2502318e+03
5.2502402e+03
5.2502486e+03
5.2502570e+03
5.2502655e+03
5.2502739e+03
5.2502824e+03
5.2502908e+03
5.2502992e+03
5.2503077e+03
5.2503161e+03
5.2503246e+03
5.2503330e+03
5.2503415e+03
5.2503499e+03
5.2503583e+03
5.2503668e+03
5.2503752e+03
5.2503837e+03
5.2503921e+03
5.2504005e+03
5.2504090e+03
5.2504174e+03
5.2504259e+03
5.2504342e+03
5.2504427e+03
5.2504511e+03
5.2504596e+03
5.2504680e+03
5.2504765e+03
5.2504849e+03
5.2504933e+03
5.2505018e+03
5.2505102e+03
5.2505187e+03
5.2505271e+03
5.2505355e+03
5.2505440e+03
5.2505524e+03
5.2505609e+03
5.2505693e+03
5.2505777e+03
5.2505862e+03
5.2505946e+03
5.2506031e+03
5.2506115e+03
5.2506199e+03
5.2506284e+03
5.2506368e+03
5.2506453e+03
5.2506537e+03
5.2506622e+03
5.2506706e+03
5.2506790e+03
5.2506875e+03
5.2506959e+03
5.2507044e+03
5.2507128e+03
5.2507212e+03
5.2507297e+03
5.2507381e+03
5.2507466e+03
5.2507550e+03
5.2507634e+03
5.2507719e+03
5.2507803e+03
5.2507888e+03
5.2507972e+03
5.2508056e+03
5.2508140e+03
5.2508225e+03
5.2508309e+03
5.2508394e+03
5.2508478e+03
5.2508562e+03
5.2508647e+03
5.2508732e+03
5.2508816e+03
5.2508901e+03
5.2508985e+03
5.2509069e+03
5.2509154e+03
5.2509238e+03
5.2509323e+03
5.2509406e+03
5.2509491e+03
5.2509575e+03
5.2509660e+03
5.2509744e+03
5.2509829e+03
5.2509913e+03
5.2509997e+03
5.2510082e+03
5.2510166e+03
5.2510251e+03
5.2510336e+03
5.2510420e+03
5.2510504e+03
5.2510589e+03
5.2510673e+03
5.2510758e+03
5.2510841e+03
5.2510926e+03
5.2511010e+03
5.2511095e+03
5.2511179e+03
5.2511263e+03
5.2511348e+03
5.2511432e+03
5.2511517e+03
5.2511602e+03
5.2511686e+03
5.2511771e+03
5.2511855e+03
5.2511939e+03
5.2512024e+03
5.2512108e+03
5.2512193e+03
5.2512276e+03
5.2512361e+03
5.2512445e+03
5.2512530e+03
5.2512615e+03
5.2512699e+03
5.2512783e+03
5.2512868e+03
5.2512952e+03
5.2513037e+03
5.2513121e+03
5.2513205e+03
5.2513290e+03
5.2513374e+03
5.2513459e+03
5.2513543e+03
5.2513627e+03
5.2513712e+03
5.2513796e+03
5.2513881e+03
5.2513965e+03
5.2514050e+03
5.2514134e+03
5.2514218e+03
5.2514303e+03
5.2514387e+03
5.2514471e+03
5.2514556e+03
5.2514640e+03
5.2514725e+03
5.2514809e+03
5.2514894e+03
5.2514978e+03
5.2515062e+03
5.2515147e+03
5.2515231e+03
5.2515316e+03
5.2515401e+03
5.2515484e+03
5.2515569e+03
5.2515654e+03
5.2515738e+03
5.2515822e+03
5.2515906e+03
5.2515991e+03
5.2516076e+03
5.2516160e+03
5.2516245e+03
5.2516329e+03
5.2516413e+03
5.2516498e+03
5.2516582e+03
5.2516667e+03
5.2516751e+03
5.2516835e+03
5.2516920e+03
5.2517004e+03
5.2517089e+03
5.2517173e+03
5.2517258e+03
5.2517342e+03
5.2517426e+03
5.2517511e+03
5.2517596e+03
5.2517680e+03
5.2517764e+03
5.2517848e+03
5.2517933e+03
5.2518018e+03
5.2518102e+03
5.2518187e+03
5.2518271e+03
5.2518355e+03
5.2518440e+03
5.2518524e+03
5.2518609e+03
5.2518693e+03
5.2518777e+03
5.2518862e+03
5.2518946e+03
5.2519031e+03
5.2519115e+03
5.2519199e+03
5.2519284e+03
5.2519369e+03
5.2519453e+03
5.2519538e+03
5.2519622e+03
5.2519706e+03
5.2519791e+03
5.2519875e+03
5.2519960e+03
5.2520044e+03
5.2520128e+03
5.2520213e+03
5.2520297e+03
5.2520382e+03
5.2520467e+03
5.2520550e+03
5.2520635e+03
5.2520719e+03
5.2520804e+03
5.2520889e+03
5.2520973e+03
5.2521057e+03
5.2521142e+03
5.2521226e+03
5.2521311e+03
5.2521395e+03
5.2521479e+03
5.2521564e+03
5.2521648e+03
5.2521733e+03
5.2521817e+03
5.2521901e+03
5.2521986e+03
5.2522071e+03
5.2522155e+03
5.2522240e+03
5.2522324e+03
5.2522408e+03
5.2522493e+03
5.2522577e+03
5.2522662e+03
5.2522746e+03
5.2522830e+03
5.2522915e+03
5.2523000e+03
5.2523084e+03
5.2523169e+03
5.2523253e+03
5.2523337e+03
5.2523422e+03
5.2523506e+03
5.2523591e+03
5.2523675e+03
5.2523759e+03
5.2523844e+03
5.2523929e+03
5.2524013e+03
5.2524098e+03
5.2524182e+03
5.2524266e+03
5.2524351e+03
5.2524435e+03
5.2524520e+03
5.2524604e+03
5.2524688e+03
5.2524773e+03
5.2524857e+03
5.2524942e+03
5.2525027e+03
5.2525111e+03
5.2525195e+03
5.2525280e+03
5.2525364e+03
5.2525449e+03
5.2525534e+03
5.2525617e+03
5.2525702e+03
5.2525786e+03
5.2525871e+03
5.2525956e+03
5.2526040e+03
5.2526124e+03
5.2526209e+03
5.2526293e+03
5.2526378e+03
5.2526463e+03
5.2526546e+03
5.2526631e+03
5.2526716e+03
5.2526800e+03
5.2526885e+03
5.2526969e+03
5.2527053e+03
5.2527138e+03
5.2527222e+03
5.2527307e+03
5.2527392e+03
5.2527476e+03
5.2527560e+03
5.2527645e+03
5.2527729e+03
5.2527814e+03
5.2527898e+03
5.2527982e+03
5.2528067e+03
5.2528152e+03
5.2528236e+03
5.2528321e+03
5.2528405e+03
5.2528489e+03
5.2528574e+03
5.2528658e+03
5.2528743e+03
5.2528827e+03
5.2528912e+03
5.2528996e+03
5.2529081e+03
5.2529165e+03
5.2529249e+03
5.2529334e+03
5.2529418e+03
5.2529503e+03
5.2529588e+03
5.2529672e+03
5.2529756e+03
5.2529841e+03
5.2529925e+03
5.2530010e+03
5.2530094e+03
5.2530179e+03
5.2530263e+03
5.2530348e+03
5.2530432e+03
5.2530517e+03
5.2530602e+03
5.2530685e+03
5.2530770e+03
5.2530854e+03
5.2530939e+03
5.2531024e+03
5.2531108e+03
5.2531192e+03
5.2531277e+03
5.2531361e+03
5.2531446e+03
5.2531531e+03
5.2531615e+03
5.2531699e+03
5.2531784e+03
5.2531868e+03
5.2531953e+03
5.2532038e+03
5.2532121e+03
5.2532206e+03
5.2532291e+03
5.2532375e+03
5.2532460e+03
5.2532544e+03
5.2532628e+03
5.2532713e+03
5.2532798e+03
5.2532882e+03
5.2532966e+03
5.2533051e+03
5.2533135e+03
5.2533220e+03
5.2533305e+03
5.2533389e+03
5.2533473e+03
5.2533558e+03
5.2533642e+03
5.2533727e+03
5.2533812e+03
5.2533896e+03
5.2533980e+03
5.2534065e+03
5.2534149e+03
5.2534234e+03
5.2534319e+03
5.2534403e+03
5.2534487e+03
5.2534572e+03
5.2534656e+03
5.2534741e+03
5.2534826e+03
5.2534910e+03
5.2534994e+03
5.2535079e+03
5.2535163e+03
5.2535248e+03
5.2535332e+03
5.2535416e+03
5.2535501e+03
5.2535586e+03
5.2535670e+03
5.2535754e+03
5.2535839e+03
5.2535923e+03
5.2536008e+03
5.2536093e+03
5.2536177e+03
5.2536261e+03
5.2536346e+03
5.2536430e+03
5.2536515e+03
5.2536600e+03
5.2536684e+03
5.2536768e+03
5.2536853e+03
5.2536938e+03
5.2537022e+03
5.2537107e+03
5.2537191e+03
5.2537275e+03
5.2537360e+03
5.2537445e+03
5.2537529e+03
5.2537613e+03
5.2537698e+03
5.2537782e+03
5.2537867e+03
5.2537952e+03
5.2538036e+03
5.2538120e+03
5.2538205e+03
5.2538289e+03
5.2538374e+03
5.2538459e+03
5.2538543e+03
5.2538627e+03
5.2538712e+03
5.2538796e+03
5.2538881e+03
5.2538966e+03
5.2539050e+03
5.2539134e+03
5.2539219e+03
5.2539303e+03
5.2539388e+03
5.2539472e+03
5.2539557e+03
5.2539641e+03
5.2539726e+03
5.2539811e+03
5.2539895e+03
5.2539979e+03
5.2540064e+03
5.2540149e+03
5.2540233e+03
5.2540318e+03
5.2540402e+03
5.2540486e+03
5.2540571e+03
5.2540656e+03
5.2540740e+03
5.2540824e+03
5.2540909e+03
5.2540993e+03
5.2541078e+03
5.2541163e+03
5.2541247e+03
5.2541331e+03
5.2541416e+03
5.2541500e+03
5.2541585e+03
5.2541670e+03
5.2541755e+03
5.2541838e+03
5.2541923e+03
5.2542008e+03
5.2542092e+03
5.2542177e+03
5.2542261e+03
5.2542346e+03
5.2542430e+03
5.2542515e+03
5.2542599e+03
5.2542683e+03
5.2542768e+03
5.2542853e+03
5.2542937e+03
5.2543022e+03
5.2543107e+03
5.2543191e+03
5.2543275e+03
5.2543360e+03
5.2543445e+03
5.2543529e+03
5.2543613e+03
5.2543698e+03
5.2543782e+03
5.2543867e+03
5.2543952e+03
5.2544036e+03
5.2544120e+03
5.2544205e+03
5.2544290e+03
5.2544374e+03
5.2544459e+03
5.2544543e+03
5.2544627e+03
5.2544712e+03
5.2544797e+03
5.2544881e+03
5.2544966e+03
5.2545050e+03
5.2545135e+03
5.2545219e+03
5.2545304e+03
5.2545389e+03
5.2545472e+03
5.2545557e+03
5.2545642e+03
5.2545726e+03
5.2545811e+03
5.2545895e+03
5.2545980e+03
5.2546064e+03
5.2546149e+03
5.2546234e+03
5.2546318e+03
5.2546402e+03
5.2546487e+03
5.2546572e+03
5.2546656e+03
5.2546741e+03
5.2546826e+03
5.2546909e+03
5.2546994e+03
5.2547079e+03
5.2547163e+03
5.2547248e+03
5.2547332e+03
5.2547417e+03
5.2547501e+03
5.2547586e+03
5.2547671e+03
5.2547755e+03
5.2547839e+03
5.2547924e+03
5.2548009e+03
5.2548093e+03
5.2548178e+03
5.2548262e+03
5.2548346e+03
5.2548431e+03
5.2548516e+03
5.2548601e+03
5.2548685e+03
5.2548769e+03
5.2548854e+03
5.2548938e+03
5.2549023e+03
5.2549108e+03
5.2549192e+03
5.2549276e+03
5.2549361e+03
5.2549446e+03
5.2549530e+03
5.2549614e+03
5.2549699e+03
5.2549784e+03
5.2549868e+03
5.2549953e+03
5.2550038e+03
5.2550122e+03
5.2550206e+03
5.2550291e+03
5.2550376e+03
5.2550460e+03
5.2550544e+03
5.2550629e+03
5.2550714e+03
5.2550798e+03
5.2550883e+03
5.2550968e+03
5.2551051e+03
5.2551136e+03
5.2551221e+03
5.2551306e+03
5.2551390e+03
5.2551474e+03
5.2551559e+03
5.2551644e+03
5.2551728e+03
5.2551813e+03
5.2551898e+03
5.2551981e+03
5.2552066e+03
5.2552151e+03
5.2552236e+03
5.2552320e+03
5.2552404e+03
5.2552489e+03
5.2552574e+03
5.2552658e+03
5.2552743e+03
5.2552827e+03
5.2552911e+03
5.2552996e+03
5.2553081e+03
5.2553166e+03
5.2553250e+03
5.2553334e+03
5.2553419e+03
5.2553504e+03
5.2553588e+03
5.2553673e+03
5.2553758e+03
5.2553842e+03
5.2553926e+03
5.2554011e+03
5.2554096e+03
5.2554180e+03
5.2554264e+03
5.2554349e+03
5.2554434e+03
5.2554518e+03
5.2554603e+03
5.2554688e+03
5.2554772e+03
5.2554856e+03
5.2554941e+03
5.2555026e+03
5.2555110e+03
5.2555194e+03
5.2555279e+03
5.2555364e+03
5.2555448e+03
5.2555533e+03
5.2555617e+03
5.2555702e+03
5.2555786e+03
5.2555871e+03
5.2555956e+03
5.2556041e+03
5.2556124e+03
5.2556209e+03
5.2556294e+03
5.2556379e+03
5.2556463e+03
5.2556547e+03
5.2556632e+03
5.2556717e+03
5.2556801e+03
5.2556886e+03
5.2556971e+03
5.2557054e+03
5.2557139e+03
5.2557224e+03
5.2557309e+03
5.2557393e+03
5.2557477e+03
5.2557562e+03
5.2557647e+03
5.2557731e+03
5.2557816e+03
5.2557901e+03
5.2557985e+03
5.2558070e+03
5.2558154e+03
5.2558239e+03
5.2558324e+03
5.2558408e+03
5.2558492e+03
5.2558577e+03
5.2558662e+03
5.2558746e+03
5.2558831e+03
5.2558915e+03
5.2559000e+03
5.2559084e+03
5.2559169e+03
5.2559254e+03
5.2559338e+03
5.2559422e+03
5.2559507e+03
5.2559592e+03
5.2559677e+03
5.2559760e+03
5.2559845e+03
5.2559930e+03
5.2560015e+03
5.2560099e+03
5.2560184e+03
5.2560268e+03
5.2560353e+03
5.2560437e+03
5.2560522e+03
5.2560607e+03
5.2560692e+03
5.2560776e+03
5.2560860e+03
5.2560945e+03
5.2561030e+03
5.2561114e+03
5.2561198e+03
5.2561283e+03
5.2561368e+03
5.2561452e+03
5.2561537e+03
5.2561621e+03
5.2561706e+03
5.2561790e+03
5.2561875e+03
5.2561960e+03
5.2562045e+03
5.2562129e+03
5.2562213e+03
5.2562298e+03
5.2562383e+03
5.2562467e+03
5.2562551e+03
5.2562636e+03
5.2562721e+03
5.2562805e+03
5.2562890e+03
5.2562975e+03
5.2563059e+03
5.2563144e+03
5.2563228e+03
5.2563313e+03
5.2563398e+03
5.2563482e+03
5.2563566e+03
5.2563651e+03
5.2563736e+03
5.2563821e+03
5.2563905e+03
5.2563989e+03
5.2564074e+03
5.2564159e+03
5.2564243e+03
